111111111111111111111111111111111111111111111111111111111111111111111111111111111111111111111111111111
100000000000000000000000000000000000000000000000000000000000000000000000000000000000000000000000111111
100000000000000000000000000000000000000000000000000000000000000000000000000000000000000000000002111111
100000000000000000000000000000000000000000000000000000000000000000000000000000000000000000000002111111
100000000000000000000000000000000000000000000000000000000000000000000000000000000000000000000000111111
100000000000000000000000000000000000000000000000000000000000000000000000000000000000000000000000111111
100000000000000000000000000000000000000000000000000000000000000000000000000000000000000000000002211111
100000000000000000000000000000000000000000000000000000000000000000000000000000000000000000000000021111
100000000000000000000000000000000000000000000000000000000000000000000000000000000000000000000000020111
100000000000000000000000000000000000000000000000000000000000000000000000000000000000000000000000002111
100000000000000000000000000000000000000000000000000000000000000000000000000000000000000000000000002111
100000000000000000000000000000000000000000000000000000000000000000000000000000000000000000000000002111
100000000000000000000000000000000000000000000000000000000000000000000000000000000000000000000000002111
100000000000000000000000000000000000000000000000000000000000000000000000000000000000000000000000002111
100000000000000000000000000000000000000000000000000000000000000000000000000000000000000000000000000111
100000000000000000000000000000000000000000000000000000000000000000000000000000000000000000000000051111
100000000000000000000000000000000000000000000000000000000000000000000000000000000000000000000000001111
100000000000000000000000000000000000000000000000000000000000000000000000000000000000000000000000005111
100000000000000000000000000000000000000000000000000000000000000000000000000000000000000000000000000211
100000000000000000000000000000000000000000000000000000000000000000000000000000000000000000000000000021
100000000000000000000000000000000000000000000000000000000000000000000000000000000000000000000000000051
100000000000000000000000000000000000000000000000000000000000000000000000000000000000000000000000000051
100000000000000000000000000000000000000000000000000000000000000000000000000000000000000000000000000051
100000000000000000000000000000000000000000000000000000000000000000000000000000000000000000000000000051
100000000000000000000000000000000000000000000000000000000000000000000000000000000000000000000000000051
100000000000000000000000000000000000000000000000000000000000000000000000000000000000000000000000000021
100000000000000000000000000000000000000000000000000000000000000000000000000000000000000000000000000021
100000000000000000000000000000000000000000000000000000000000000000000000000000000000000000000000000021
100000000000000000000000000000000000000000000000000000000000000000000000000000000000000000000000000021
100000000000000000000000000000000000000000000000000000000000000000000000000000000000000000000000000021
100000000000000000000000000000000000000000000000000000000000000000000000000000000000000000000000000051
100000000000000000000000000000000000000000000000000000000000000000000000000000000000000000000000000021
100000000000000000000000000000000000000000000000000000000000000000000000000000000000000000000000000021
100000000000000000000000000000000000000000000000000000000000000000000000000000000000000000000000000051
100000000000000000000000000000000000000000000000000000000000000000000000000000000000000000000000000051
100000000000000000000000000000000000000000000000000000000000000000000000000000000000000000000000000051
100000000000000000000000000000000000000000000000000000000000000000000000000000000000000000000000000051
100000000000000000000000000000000000000000000000000000000000000000000000000000000000000000000000000051
100000000000000000000000000000000000000000000000000000000000000000000000000000000000000000000000000051
100000000000000000000000000000000000000000000000000000000000000000000000000000000000000000000000000051
100000000000000000000000000000000000000000000000000000000000000000000000000000000000000000000000000051
100000000000000000000000000000000000000000000000000000000000000000000000000000000000000000000000000051
100000000000000000000000000000000000000000000000000000000000000000000000000000000000000000000000000051
100000000000000000000000000000000000000000000000000000000000000000000000000000000000000000000000000051
100000000000000000000000000000000000000000000000000000000000000000000000000000000000000000000000000051
100000000000000000000000000000000000000000000000000000000000000000000000000000000000000000000000000051
100000000000000000000000000000000000000000000000000000000000000000000000000000000000000000000000000051
100000000000000000000000000000000000000000000000000000000000000000000000000000000000000000000000000051
100000000000000000000000000000000000000000000000000000000000000000000000000000000000000000000000000051
100000000000000000000000000000000000000000000000000000000000000000000000000000000000000000000000000051
100000000000000000000000000000000000000000000000000000000000000000000000000000000000000000000000000051
100000000000000000000000000000000000000000000000000000000000000000000000000000000000000000000000000051
100000000000000000000000000000000000000000000000000000000000000000000000000000000000000000000000000051
100000000000000000000000000000000000000000000000000000000000000000000000000000000000000000000000000001
100000000000000000000000000000000000000000000000000000000000000000000000000000000000000000000000000001
100000000000000000000000000000000000000000000000000000000000000000000000000000000000000000000000000001
100000000000000000000000000000000000000000000000000000000000000000000000000000000000000000000000000001
100000000000000000000000000000000000000000000000000000000000000000000000000000000000000000000000000001
100000000000000000000000000000000000000000000000000000000000000000000000000000000000000000000000000001
100000000000000000000000000000000000000000000000000000000000000000000000000000000000000000000000000001
100000000000000000000000000000000000000000000000000000000000000000000000000000000000000000000000000001
100000000000000000000000000000000000000000000000000000000000000000000000000000000000000000000000000001
100000000000000000000000000000000000000000000000000000000000000000000000000000000000000000000000000001
100000000000000000000000000000000000000000000000000000000000000000000000000000000000000000000000000001
100000000000000000000000000000000000000000000000000000000000000000000000000000000000000000000000000001
100000000000000000000000000000000000000000000000000000000000000000000000000000000000000000000000000001
100000000000000000000000000000000000000000000000000000000000000000000000000000000000000000000000000001
100000000000000000000000000000000000000000000000000000000000000000000000000000000000000000000000000001
100000000000000000000000000000000000000000000000000000000000000000000000000000000000000000000000000001
100000000000000000000000000000000000000000000000000000000000000000000000000000000000000000000000000001
100000000000000000000000000000000000000000000000000000000000000000000000000000000000000000000000000001
100000000000000000000000000000000000000000000000000000000000000000000000000000000000000000000000000001
100000000000000000000000000000000000000000000000000000000000000000000000000000000000000000000000000001
100000000000000000000000000000000000000000000000000000000000000000000000000000000000000000000000000001
100000000000000000000000000000000000000000000000000000000000000000000000000000000000000000000000000001
100000000000000000000000000000000000000000000000000000000000000000000000000000000000000000000000000001
100000000000000000000000000000000000000000000000000000000000000000000000000000000000000000000000000001
100000000000000000000000000000000000000000000000000000000000000000000000000000000000000000000000000001
100000000000000000000000000000000000000000000000000000000000000000000000000000000000000000000000000001
100000000000000000000000000000000000000000000000000000000000000000000000000000000000000000000000000001
100000000000000000000000000000000000000000000000000000000000000000000000000000000000000000000000000001
100000000000000000000000000000000000000000000000000000000000000000000000000000000000000000000000000001
100000000000000000000000000000000000000000000000000000000000000000000000000000000000000000000000000001
100000000000000000000000000000000000000000000000000000000000000000000000000000000000000000000000000001
100000000000000000000000000000000000000000000000000000000000000000000000000000000000000000000000000001
100000000000000000000000000000000000000000000000000000000000000000000000000000000000000000000000000001
100000000000000000000000000000000000000000000000000000000000000000000000000000000000000000000000000001
100000000000000000000000000000000000000000000000000000000000000000000000000000000000000000000000000001
100000000000000000000000000000000000000000000000000000000000000000000000000000000000000000000000000001
100000000000000000000000000000000000000000000000000000000000000000000000000000000000000000000000000001
100000000000000000000000000000000000000000000000000000000000000000000000000000000000000000000000000001
100000000000000000000000000000000000000000000000000000000000000000000000000000000000000000000000000001
100000000000000000000000000000000000000000000000000000000000000000000000000000000000000000000000000001
100000000000000000000000000000000000000000000000000000000000000000000000000000000000000000000000000001
100000000000000000000000000000000000000000000000000000000000000000000000000000000000000000000000000001
100000000000000000000000000000000000000000000000000000000000000000000000000000000000000000000000000001
100000000000000000000000000000000000000000000000000000000000000000000000000000000000000000000000000001
100000000000000000000000000000000000000000000000000000000000000000000000000000000000000000000000000001
100000000000000000000000000000000000000000000000000000000000000000000000000000000000000000000000000001
100000000000000000000000000000000000000000000000000000000000000000000000000000000000000000000000000001
100000000000000000000000000000000000000000000000000000000000000000000000000000000000000000000000000001
111111111111111111111111111111111111111111111111111111111111111111111111111111111111111111111111111111
