111111111111111111111111111111111111111111111111111111111111111111111111111111111111111111111111111111
111111111111111111111111111111111111111111111111111111111111111111111111111111111111111111111111111111
100000001111111111111111111111111111111111111111111111111111111111111111111111111111111111111111111111
100000001111188111118091111111111111111111111111111111111111111111111111111111111111111111111111111111
000000001100008811110091111111111111111111111111111111111111111111111111111111111111111111111111111111
000000001100018801110091111111111111111111111111111111111111111111111111111111111111111111111111111111
000000001100311801110111111111111111111111111111111111111111111111111111111111111111111111111111111111
000000001100011021118111111111111111111111111111111111111111111111111111111111111111111111111111111111
000000001100311001118111111111111111111111111111111111111111111111111111111111111111111111111111111111
000000001100011021118111111111111111111111111111111111111111111111111111111111111111111111111111111111
000000001100311001118111111111111111111111111111111111111111111111111111111111111111111111111111111111
000000001100011021118111111111111111111111111111111111111111111111111111111111111111111111111111111111
000000001108111011118111111111111111111111111111111111111111111111111111111111111111111111111111111111
000000001188110211118111111111111111111111111111111111111111111111111111111111111111111111111111111111
000000001888188111118811111111111111111111111111111111111111111111111111111111111111111111111111111111
000000001881188777700311111111111111111111111111111111111111111111111111111111111111111111111111111111
000000000001111111110011111111111111111111111111111111111111111111111111111111111111111111111111111111
000000000001111111110111111111111111111111111111111111111111111111111111111111111111111111111111111111
000000000011188000000111111111111111111111111111111111111111111111111111111111111111111111111111111111
000000000011188000660111111009111111111111111111111111111111111111111111111111111111111111111111111111
000000000111180060000110077009111111111111111111111111111111111111111111111111111111111111111111111111
111111011111116011111110011009111111111111111111111111111111111111111111111111111111111111111111111111
111111001111101011100000011111111111111111111111111111111111111111111111111111111111111111111111111111
111111021111106511146036011111111111111111111111111111111111111111111111111111111111111111111111111111
111111001111101011100000011111111111111111111111111111111111111111111111111111111111111111111111111111
111111111111106511111110011111111111111111111111111111111111111111111111111111111111111111111111111111
111111111111101511100000011111111111111111111111111111111111111111111111111111111111111111111111111111
111111111111106011100110011111111111111111111111111111111111111111111111111111111111111111111111111111
111111111111100011100510311111111111111111111111111111111111111111111111111111111111111111111111111111
111111111111111011100210311111111111111111111111111111111111111111111111111111111111111111111111111111
111111111111100011105010311111111111111111111111111111111111111111111111111111111111111111111111111111
111111111111100311100210311111111111111111111111111111111111111111111111111111111111111111111111111111
111111111111100311100210311111111111111111111111111111111111111111111111111111111111111111111111111111
111111111111100311102110011111111111111111111111111111111111111111111111111111111111111111111111111111
111111111111100011100006011111111111111111111111111111111111111111111111111111111111111111111111111111
111111111111111011111110011111111111111111111111111111111111111111111111111111111111111111111111111111
111111111111111010000000011111111111111111111111111111111111111111111111111111111111111111111111111111
111111111111111077777777711111111111111111111111111111111111111111111111111111111111111111111111111111
111111111111111000000000011111111111111111111111111111111111111111111111111111111111111111111111111111
111111111111111111111111111111111111111111111111111111111111111111111111111111111111111111111111111111
111111111111111111111111111111111111111111111111111111111111111111111111111111111111111111111111111111
111111111111111111111111111111111111111111111111111111111111111111111111111111111111111111111111111111
111111111111111111111111111111111111111111111111111111111111111111111111111111111111111111111111111111
111111111111111111111111111111111111111111111111111111111111111111111111111111111111111111111111111111
111111111111111111111111111111111111111111111111111111111111111111111111111111111111111111111111111111
111111111111111111111111111111111111111111111111111111111111111111111111111111111111111111111111111111
111111111111111111111111111111111111111111111111111111111111111111111111111111111111111111111111111111
111111111111111111111111111111111111111111111111111111111111111111111111111111111111111111111111111111
111111111111111111111111111111111111111111111111111111111111111111111111111111111111111111111111111111
111111111111111111111111111111111111111111111111111111111111111111111111111111111111111111111111111111
111111111111111111111111111111111111111111111111111111111111111111111111111111111111111111111111111111
111111111111111111111111111111111111111111111111111111111111111111111111111111111111111111111111111111
111111111111111111111111111111111111111111111111111111111111111111111111111111111111111111111111111111
111111111111111111111111111111111111111111111111111111111111111111111111111111111111111111111111111111
111111111111111111111111111111111111111111111111111111111111111111111111111111111111111111111111111111
111111111111111111111111111111111111111111111111111111111111111111111111111111111111111111111111111111
111111111111111111111111111111111111111111111111111111111111111111111111111111111111111111111111111111
111111111111111111111111111111111111111111111111111111111111111111111111111111111111111111111111111111
111111111111111111111111111111111111111111111111111111111111111111111111111111111111111111111111111111
111111111111111111111111111111111111111111111111111111111111111111111111111111111111111111111111111111
111111111111111111111111111111111111111111111111111111111111111111111111111111111111111111111111111111
111111111111111111111111111111111111111111111111111111111111111111111111111111111111111111111111111111
111111111111111111111111111111111111111111111111111111111111111111111111111111111111111111111111111111
111111111111111111111111111111111111111111111111111111111111111111111111111111111111111111111111111111
111111111111111111111111111111111111111111111111111111111111111111111111111111111111111111111111111111
111111111111111111111111111111111111111111111111111111111111111111111111111111111111111111111111111111
111111111111111111111111111111111111111111111111111111111111111111111111111111111111111111111111111111
111111111111111111111111111111111111111111111111111111111111111111111111111111111111111111111111111111
111111111111111111111111111111111111111111111111111111111111111111111111111111111111111111111111111111
111111111111111111111111111111111111111111111111111111111111111111111111111111111111111111111111111111
111111111111111111111111111111111111111111111111111111111111111111111111111111111111111111111111111111
111111111111111111111111111111111111111111111111111111111111111111111111111111111111111111111111111111
111111111111111111111111111111111111111111111111111111111111111111111111111111111111111111111111111111
111111111111111111111111111111111111111111111111111111111111111111111111111111111111111111111111111111
111111111111111111111111111111111111111111111111111111111111111111111111111111111111111111111111111111
111111111111111111111111111111111111111111111111111111111111111111111111111111111111111111111111111111
111111111111111111111111111111111111111111111111111111111111111111111111111111111111111111111111111111
111111111111111111111111111111111111111111111111111111111111111111111111111111111111111111111111111111
111111111111111111111111111111111111111111111111111111111111111111111111111111111111111111111111111111
111111111111111111111111111111111111111111111111111111111111111111111111111111111111111111111111111111
111111111111111111111111111111111111111111111111111111111111111111111111111111111111111111111111111111
111111111111111111111111111111111111111111111111111111111111111111111111111111111111111111111111111111
111111111111111111111111111111111111111111111111111111111111111111111111111111111111111111111111111111
111111111111111111111111111111111111111111111111111111111111111111111111111111111111111111111111111111
111111111111111111111111111111111111111111111111111111111111111111111111111111111111111111111111111111
111111111111111111111111111111111111111111111111111111111111111111111111111111111111111111111111111111
111111111111111111111111111111111111111111111111111111111111111111111111111111111111111111111111111111
111111111111111111111111111111111111111111111111111111111111111111111111111111111111111111111111111111
111111111111111111111111111111111111111111111111111111111111111111111111111111111111111111111111111111
111111111111111111111111111111111111111111111111111111111111111111111111111111111111111111111111111111
111111111111111111111111111111111111111111111111111111111111111111111111111111111111111111111111111111
111111111111111111111111111111111111111111111111111111111111111111111111111111111111111111111111111111
111111111111111111111111111111111111111111111111111111111111111111111111111111111111111111111111111111
111111111111111111111111111111111111111111111111111111111111111111111111111111111111111111111111111111
111111111111111111111111111111111111111111111111111111111111111111111111111111111111111111111111111111
111111111111111111111111111111111111111111111111111111111111111111111111111111111111111111111111111111
111111111111111111111111111111111111111111111111111111111111111111111111111111111111111111111111111111
111111111111111111111111111111111111111111111111111111111111111111111111111111111111111111111111111111
111111111111111111111111111111111111111111111111111111111111111111111111111111111111111111111111111111
111111111111111111111111111111111111111111111111111111111111111111111111111111111111111111111111111111
111111111111111111111111111111111111111111111111111111111111111111111111111111111111111111111111111111
111111111111111111111111111111111111111111111111111111111111111111111111111111111111111111111111111111
