111111111111111111111111111111111111111111111111111111111111111111111111111111111111111111111111111111
111111111111111111111111111111111111111111111111111111111111111111111111111111111111111111111111111111
111111111111111111111111111111111111111111111111111111111111111111111111111111111111111111111111111111
000000000111111111111111111111111111111111111111111111111111111111111111111111111111111111111111111111
000000000111111111111111111111111111111111111111111111111111111111111111111111111111111111111111111111
000000000111111111111111111111111111111111111111111111111111111111111111111111111111111111111111111111
110000000111111111111111111111111111111111111111111111111111111111111111111111111111111111111111111111
111800777111111111111111111111111111111111111111111111111111111111111111111111111111111111111111111111
111800111111111111111111111111111111111111111111111111111111111111111111111111111111111111111111111111
111880118111111111111111111111111111111111111111111111111111111111111111111111111111111111111111111111
111880181111111111111111111111111111111111111111111111111111111111111111111111111111111111111111111111
111880181111111111111111111111111111111111111111111111111111111111111111111111111111111111111111111111
111880118111111111111111111111111111111111111111111111111111111111111111111111111111111111111111111111
111080188111110911111111111111111111111111111111111111111111111111111111111111111111111111111111111111
111009111111000000111111111111111111111111111111111111111111111111111111111111111111111111111111111111
111003111111001910011811111111111111111111111111111111111111111111111111111111111111111111111111111111
111009111111031910011811111111111111111111111111111111111111111111111111111111111111111111111111111111
111000111111001110018888111111111111111111111111111111111111111111111111111111111111111111111111111111
111000111118001110088888111111111111111111111111111111111111111111111111111111111111111111111111111111
111000111111001111188880111111111111111111111111111111111111111111111111111111111111111111111111111111
111000111111000111111800111111111111111111111111111111111111111111111111111111111111111111111111111111
111000001111000011111100111111111111111111111111111111111111111111111111111111111111111111111111111111
111000001111000011111104111111111111111111111111111111111111111111111111111111111111111111111111111111
111000600111000011111111111111111111111111111111111111111111111111111111111111111111111111111111111111
111000600111000511111111111111111111111111111111111111111111111111111111111111111111111111111111111111
111181310211000211111111111111111111111111111111111111111111111111111111111111111111111111111111111111
111111110511000011111111111111111111111111111111111111111111111111111111111111111111111111111111111111
111111110011000211111111111111111111111111111111111111111111111111111111111111111111111111111111111111
111111110011000011111111111111111111111111111111111111111111111111111111111111111111111111111111111111
111111110011000011111111111111111111111111111111111111111111111111111111111111111111111111111111111111
111111110011000011111111111111111111111111111111111111111111111111111111111111111111111111111111111111
111188110011000111111111111111111111111111111111111111111111111111111111111111111111111111111111111111
111888810211000111111111111111111111111111111111111111111111111111111111111111111111111111111111111111
111888818011100111111111111111111111111111111111111111111111111111111111111111111111111111111111111111
111888818811100011111111111111111111111111111111111111111111111111111111111111111111111111111111111111
111888888111100001111111111111111111111111111111111111111111111111111111111111111111111111111111111111
111181881111110001111011111111111111111111111111111111111111111111111111111111111111111111111111111111
111181111111110000111111111111111111111111111111111111111111111111111111111111111111111111111111111111
111001111111111110111111111111111111111111111111111111111111111111111111111111111111111111111111111111
111006000000919100111111111111111111111111111111111111111111111111111111111111111111111111111111111111
111007777777700000111111111111111111111111111111111111111111111111111111111111111111111111111111111111
111006000000091910111111111111111111111111111111111111111111111111111111111111111111111111111111111111
111001111111111111111111111111111111111111111111111111111111111111111111111111111111111111111111111111
111031111111111111111111111111111111111111111111111111111111111111111111111111111111111111111111111111
111111111111111111111111111111111111111111111111111111111111111111111111111111111111111111111111111111
111111111111111111111111111111111111111111111111111111111111111111111111111111111111111111111111111111
111111111111111111111111111111111111111111111111111111111111111111111111111111111111111111111111111111
111111111111111111111111111111111111111111111111111111111111111111111111111111111111111111111111111111
111111111111111111111111111111111111111111111111111111111111111111111111111111111111111111111111111111
111111111111111111111111111111111111111111111111111111111111111111111111111111111111111111111111111111
111111111111111111111111111111111111111111111111111111111111111111111111111111111111111111111111111111
111111111111111111111111111111111111111111111111111111111111111111111111111111111111111111111111111111
111111111111111111111111111111111111111111111111111111111111111111111111111111111111111111111111111111
111111111111111111111111111111111111111111111111111111111111111111111111111111111111111111111111111111
111111111111111111111111111111111111111111111111111111111111111111111111111111111111111111111111111111
111111111111111111111111111111111111111111111111111111111111111111111111111111111111111111111111111111
111111111111111111111111111111111111111111111111111111111111111111111111111111111111111111111111111111
111111111111111111111111111111111111111111111111111111111111111111111111111111111111111111111111111111
111111111111111111111111111111111111111111111111111111111111111111111111111111111111111111111111111111
111111111111111111111111111111111111111111111111111111111111111111111111111111111111111111111111111111
111111111111111111111111111111111111111111111111111111111111111111111111111111111111111111111111111111
111111111111111111111111111111111111111111111111111111111111111111111111111111111111111111111111111111
111111111111111111111111111111111111111111111111111111111111111111111111111111111111111111111111111111
111111111111111111111111111111111111111111111111111111111111111111111111111111111111111111111111111111
111111111111111111111111111111111111111111111111111111111111111111111111111111111111111111111111111111
111111111111111111111111111111111111111111111111111111111111111111111111111111111111111111111111111111
111111111111111111111111111111111111111111111111111111111111111111111111111111111111111111111111111111
111111111111111111111111111111111111111111111111111111111111111111111111111111111111111111111111111111
111111111111111111111111111111111111111111111111111111111111111111111111111111111111111111111111111111
111111111111111111111111111111111111111111111111111111111111111111111111111111111111111111111111111111
111111111111111111111111111111111111111111111111111111111111111111111111111111111111111111111111111111
111111111111111111111111111111111111111111111111111111111111111111111111111111111111111111111111111111
111111111111111111111111111111111111111111111111111111111111111111111111111111111111111111111111111111
111111111111111111111111111111111111111111111111111111111111111111111111111111111111111111111111111111
111111111111111111111111111111111111111111111111111111111111111111111111111111111111111111111111111111
111111111111111111111111111111111111111111111111111111111111111111111111111111111111111111111111111111
111111111111111111111111111111111111111111111111111111111111111111111111111111111111111111111111111111
111111111111111111111111111111111111111111111111111111111111111111111111111111111111111111111111111111
111111111111111111111111111111111111111111111111111111111111111111111111111111111111111111111111111111
111111111111111111111111111111111111111111111111111111111111111111111111111111111111111111111111111111
111111111111111111111111111111111111111111111111111111111111111111111111111111111111111111111111111111
111111111111111111111111111111111111111111111111111111111111111111111111111111111111111111111111111111
111111111111111111111111111111111111111111111111111111111111111111111111111111111111111111111111111111
111111111111111111111111111111111111111111111111111111111111111111111111111111111111111111111111111111
111111111111111111111111111111111111111111111111111111111111111111111111111111111111111111111111111111
111111111111111111111111111111111111111111111111111111111111111111111111111111111111111111111111111111
111111111111111111111111111111111111111111111111111111111111111111111111111111111111111111111111111111
111111111111111111111111111111111111111111111111111111111111111111111111111111111111111111111111111111
111111111111111111111111111111111111111111111111111111111111111111111111111111111111111111111111111111
111111111111111111111111111111111111111111111111111111111111111111111111111111111111111111111111111111
111111111111111111111111111111111111111111111111111111111111111111111111111111111111111111111111111111
111111111111111111111111111111111111111111111111111111111111111111111111111111111111111111111111111111
111111111111111111111111111111111111111111111111111111111111111111111111111111111111111111111111111111
111111111111111111111111111111111111111111111111111111111111111111111111111111111111111111111111111111
111111111111111111111111111111111111111111111111111111111111111111111111111111111111111111111111111111
111111111111111111111111111111111111111111111111111111111111111111111111111111111111111111111111111111
111111111111111111111111111111111111111111111111111111111111111111111111111111111111111111111111111111
111111111111111111111111111111111111111111111111111111111111111111111111111111111111111111111111111111
111111111111111111111111111111111111111111111111111111111111111111111111111111111111111111111111111111
111111111111111111111111111111111111111111111111111111111111111111111111111111111111111111111111111111
111111111111111111111111111111111111111111111111111111111111111111111111111111111111111111111111111111
111111111111111111111111111111111111111111111111111111111111111111111111111111111111111111111111111111
